3 7 8 

1 2 4 

0 5 6 



3 7 8 

1 2 4 

5 0 6 



3 7 8 

1 0 4 

5 2 6 



3 0 8 

1 7 4 

5 2 6 



0 3 8 

1 7 4 

5 2 6 



1 3 8 

0 7 4 

5 2 6 



1 3 8 

7 0 4 

5 2 6 



1 3 8 

7 2 4 

5 0 6 



1 3 8 

7 2 4 

5 6 0 



1 3 8 

7 2 0 

5 6 4 



1 3 0 

7 2 8 

5 6 4 



1 0 3 

7 2 8 

5 6 4 



1 2 3 

7 0 8 

5 6 4 



1 2 3 

7 6 8 

5 0 4 



1 2 3 

7 6 8 

5 4 0 



1 2 3 

7 6 0 

5 4 8 



1 2 3 

7 0 6 

5 4 8 



1 2 3 

0 7 6 

5 4 8 



1 2 3 

5 7 6 

0 4 8 



1 2 3 

5 7 6 

4 0 8 



1 2 3 

5 0 6 

4 7 8 



1 2 3 

0 5 6 

4 7 8 



1 2 3 

4 5 6 

0 7 8 



1 2 3 

4 5 6 

7 0 8 



1 2 3 

4 5 6 

7 8 0 