5 6 0 

4 7 8 

3 2 1 



5 0 6 

4 7 8 

3 2 1 



0 5 6 

4 7 8 

3 2 1 



4 5 6 

0 7 8 

3 2 1 



4 5 6 

7 0 8 

3 2 1 



4 5 6 

7 2 8 

3 0 1 



4 5 6 

7 2 8 

0 3 1 



4 5 6 

0 2 8 

7 3 1 



4 5 6 

2 0 8 

7 3 1 



4 5 6 

2 3 8 

7 0 1 



4 5 6 

2 3 8 

7 1 0 



4 5 6 

2 3 0 

7 1 8 



4 5 0 

2 3 6 

7 1 8 



4 0 5 

2 3 6 

7 1 8 



4 3 5 

2 0 6 

7 1 8 



4 3 5 

2 1 6 

7 0 8 



4 3 5 

2 1 6 

7 8 0 



4 3 5 

2 1 0 

7 8 6 



4 3 0 

2 1 5 

7 8 6 



4 0 3 

2 1 5 

7 8 6 



4 1 3 

2 0 5 

7 8 6 



4 1 3 

0 2 5 

7 8 6 



0 1 3 

4 2 5 

7 8 6 



1 0 3 

4 2 5 

7 8 6 



1 2 3 

4 0 5 

7 8 6 



1 2 3 

4 5 0 

7 8 6 



1 2 3 

4 5 6 

7 8 0 